1230816731.00734
1230816731.20711
1230816731.27368
1230816731.30698
1230816731.37356
1230816731.40687
1230816731.47343
1230816731.50673
1230816731.57332
1230816731.60663
1230816731.67321
1230816731.73979
1230816731.77309
1230816731.83965
1230816731.87296
1230816731.93955
1230816731.97285
1230816732.03942
1230816732.07272
1230816732.13930
1230816732.17260
1230816732.23918
1230816732.27248
1230816732.33905
1230816732.40566
1230816732.43894
1230816732.50554
1230816732.53881
1230816732.60542
1230816732.63870
1230816732.70527
1230816732.73858
1230816732.80516
1230816732.83847
1230816732.90505
1230816732.93834
1230816733.00491
1230816733.03822
1230816733.10480
1230816733.13810
1230816733.20467
1230816733.23797
1230816733.30456
1230816733.33786
1230816733.40444
1230816733.43774
1230816733.50431
1230816733.53761
1230816733.60419
1230816733.63750
1230816733.70407
1230816733.73737
1230816733.80396
1230816733.83727
1230816733.90384
1230816733.93714
1230816734.00372
1230816734.03702
1230816734.10359
1230816734.13690
1230816734.20348
1230816734.23679
1230816734.30336
1230816734.36993
1230816734.40323
1230816734.46981
1230816734.50311
1230816734.56969
1230816734.60299
1230816734.66957
1230816734.70287
1230816734.76946
1230816734.80277
1230816734.86934
1230816734.90264
1230816734.96921
1230816735.00252
1230816735.06910
1230816735.10241
1230816735.16898
1230816735.20228
1230816735.23555
1230816735.30216
1230816735.33543
1230816735.40204
1230816735.43530
1230816735.50192
1230816735.53519
1230816735.60178
1230816735.63508
1230816735.70166
1230816735.73496
1230816735.80152
1230816735.83483
1230816735.90141
1230816735.93472
1230816736.00130
1230816736.03459
1230816736.10116
1230816736.16778
1230816736.23435
1230816736.26765
1230816736.33422
1230816736.36753
1230816736.40081
1230816736.46742
1230816736.50069
1230816736.56729
1230816736.60056
1230816736.66717
1230816736.70044
1230816736.76705
1230816736.80032
1230816736.86690
1230816736.90021
1230816736.96678
1230816737.00008
1230816737.06667
1230816737.09997
1230816737.16654
1230816737.19984
1230816737.26643
1230816737.29973
1230816737.33304
1230816737.39960
1230816737.46618
1230816737.49948
1230816737.56606
1230816737.59936
1230816737.66594
1230816737.69924
1230816737.76582
1230816737.83240
1230816737.89902
1230816737.93228
1230816737.99889
1230816738.03216
1230816738.06547
1230816738.13204
1230816738.16534
1230816738.23193
1230816738.26523
1230816738.33180
1230816738.36510
1230816738.43167
1230816738.46498
1230816738.53156
1230816738.56487
1230816738.63143
1230816738.66473
1230816738.73132
1230816738.76463
1230816738.83121
1230816738.86452
1230816738.93109
1230816738.96438
1230816739.03097
1230816739.06427
1230816739.09754
1230816739.16415
1230816739.23073
1230816739.26403
1230816739.33060
1230816739.36391
1230816739.43047
1230816739.46378
1230816739.53036
1230816739.56366
1230816739.63023
1230816739.66354
1230816739.73012
1230816739.76340
1230816739.83002
1230816739.86329
1230816739.92988
1230816739.96315
1230816740.02977
1230816740.06304
1230816740.12964
1230816740.19621
1230816740.22952
1230816740.29610
1230816740.32941
1230816740.39598
1230816740.42928
1230816740.49585
1230816740.52916
1230816740.59574
1230816740.62905
1230816740.69561
1230816740.72892
1230816740.79550
1230816740.82880
1230816740.86207
1230816740.92865
1230816740.96196
1230816741.02856
1230816741.06185
1230816741.12841
1230816741.19502
1230816741.26160
1230816741.29491
1230816741.36148
1230816741.39478
1230816741.46136
1230816741.49466
1230816741.56123
1230816741.59454
1230816741.66112
1230816741.72768
1230816741.76098
1230816741.82757
1230816741.86088
1230816741.89415
1230816741.96077
1230816741.99404
1230816742.06063
1230816742.09390
1230816742.16052
1230816742.19379
1230816742.26040
1230816742.29367
1230816742.36027
1230816742.39354
1230816742.46016
1230816742.49343
1230816742.52673
1230816742.59330
1230816742.62660
1230816742.69319
1230816742.72649
1230816742.79306
1230816742.82636
1230816742.89295
1230816742.92625
1230816742.99284
1230816743.02615
1230816743.09271
1230816743.12601
1230816743.19259
1230816743.22590
1230816743.29247
1230816743.32577
1230816743.35904
1230816743.42565
1230816743.49222
1230816743.52553
1230816743.59211
1230816743.62541
1230816743.69199
1230816743.72529
1230816743.79187
1230816743.85844
1230816743.89174
1230816743.95832
1230816743.99163
1230816744.05822
1230816744.09152
1230816744.15809
1230816744.19139
1230816744.22465
1230816744.29127
1230816744.32455
1230816744.39115
1230816744.42442
1230816744.49103
1230816744.52429
1230816744.59091
1230816744.62418
1230816744.69079
1230816744.72406
1230816744.79066
1230816744.82393
1230816744.85724
1230816744.92382
1230816744.95712
1230816745.02369
1230816745.05699
1230816745.12359
1230816745.15689
1230816745.22347
1230816745.25677
1230816745.29004
1230816745.35665
1230816745.38991
1230816745.45653
1230816745.48979
1230816745.55640
1230816745.58968
1230816745.65629
1230816745.68956
1230816745.75616
1230816745.78943
1230816745.85604
1230816745.88932
1230816745.95590
1230816745.98921
1230816746.05577
1230816746.08907
1230816746.15566
1230816746.22227
1230816746.25554
1230816746.32214
1230816746.35541
1230816746.42202
1230816746.45530
1230816746.52190
1230816746.55517
1230816746.62178
1230816746.65505
1230816746.72166
1230816746.75492
1230816746.82154
1230816746.85482
1230816746.92142
1230816746.95469
1230816746.98799
1230816747.05456
1230816747.08787
1230816747.15446
1230816747.18776
1230816747.25433
1230816747.28764
1230816747.35422
1230816747.42078
1230816747.45409
1230816747.52068
1230816747.55398
1230816747.62055
1230816747.65385
1230816747.72042
1230816747.75373
1230816747.82031
1230816747.85361
1230816747.92018
1230816747.95349
1230816748.02007
1230816748.05337
1230816748.11994
1230816748.15324
1230816748.18652
1230816748.25316
1230816748.28643
1230816748.35302
1230816748.38628
1230816748.45290
1230816748.51947
1230816748.55277
1230816748.61935
1230816748.65265
1230816748.71923
1230816748.75254
1230816748.78580
1230816748.85241
1230816748.91899
1230816748.95229
1230816749.01886
1230816749.05217
1230816749.08545
1230816749.18534
1230816749.25192
1230816749.31851
1230816749.38509
1230816749.45166
1230816749.48496
1230816749.55154
1230816749.61815
1230816749.65142
1230816749.71803
1230816749.75131
1230816749.78461
1230816749.85119
1230816749.91779
1230816749.95106
1230816749.98436
1230816750.05094
1230816750.11755
1230816750.15082
1230816750.21740
1230816750.25071
1230816750.31728
1230816750.35058
1230816750.38389
1230816750.45047
1230816750.51704
1230816750.55034
1230816750.61693
1230816750.65023
1230816750.71680
1230816750.75010
1230816750.81667
1230816750.84998
1230816750.91656
1230816750.94986
1230816750.98316
1230816751.04973
1230816751.08304
1230816751.18292
1230816751.21619
1230816751.24949
1230816751.31609
1230816751.34941
1230816751.41598
1230816751.44927
1230816751.51584
1230816751.54915
1230816751.61573
1230816751.64903
1230816751.71560
1230816751.74890
1230816751.81547
1230816751.84878
1230816751.91536
1230816751.94866
1230816752.01523
1230816752.04854
1230816752.11512
1230816752.14842
1230816752.21499
1230816752.24830
1230816752.31488
1230816752.34816
1230816752.41478
1230816752.44805
1230816752.51464
1230816752.54791
1230816752.61452
1230816752.64780
1230816752.71441
1230816752.74767
1230816752.81428
1230816752.84755
1230816752.88086
1230816752.94743
1230816752.98073
1230816753.04731
1230816753.08062
1230816753.14721
1230816753.21378
1230816753.24708
1230816753.31368
1230816753.34694
1230816753.38024
1230816753.44684
1230816753.48016
1230816753.54673
1230816753.58002
1230816753.64659
1230816753.67990
1230816753.74648
1230816753.77978
1230816753.84635
1230816753.87966
1230816753.94624
1230816753.97954
1230816754.04611
1230816754.07941
1230816754.14598
1230816754.17930
1230816754.24588
1230816754.27915
1230816754.34577
1230816754.37904
1230816754.44563
1230816754.47890
1230816754.51221
1230816754.57880
1230816754.61210
1230816754.67866
1230816754.71196
1230816754.77855
1230816754.81186
1230816754.87842
1230816754.91172
1230816754.97831
1230816755.01162
1230816755.07819
1230816755.11149
1230816755.17806
1230816755.21137
1230816755.27794
1230816755.31124
1230816755.37782
1230816755.41113
1230816755.47770
1230816755.51102
1230816755.57760
1230816755.61090
1230816755.67747
1230816755.71077
1230816755.77735
1230816755.81065
1230816755.84392
1230816755.91053
1230816755.94381
1230816756.01041
1230816756.04368
1230816756.07699
1230816756.17687
1230816756.24344
1230816756.27674
1230816756.34332
1230816756.37663
1230816756.40991
1230816756.47652
1230816756.50979
1230816756.57639
1230816756.60966
1230816756.67627
1230816756.70954
1230816756.77615
1230816756.80942
1230816756.87603
1230816756.90930
1230816756.97592
1230816757.00919
1230816757.07578
1230816757.10905
1230816757.17567
1230816757.20894
1230816757.27554
1230816757.30881
1230816757.34211
1230816757.40870
1230816757.47528
1230816757.50859
1230816757.57517
1230816757.60847
1230816757.64176
1230816757.70833
1230816757.74165
1230816757.80823
1230816757.84153
1230816757.90810
1230816757.94140
1230816758.00798
1230816758.04128
1230816758.10786
1230816758.14116
1230816758.17443
1230816758.24104
1230816758.27432
1230816758.34092
1230816758.37419
1230816758.44077
1230816758.47409
1230816758.50739
1230816758.57395
1230816758.60726
1230816758.67385
1230816758.70715
1230816758.77372
1230816758.80702
1230816758.87359
1230816758.94018
1230816758.97348
1230816759.00679
1230816759.07336
1230816759.10666
1230816759.17323
1230816759.20654
1230816759.27312
1230816759.30642
1230816759.33968
1230816759.40630
1230816759.43957
1230816759.50615
1230816759.53945
1230816759.60604
1230816759.63934
1230816759.70591
1230816759.73921
1230816759.80579
1230816759.83910
1230816759.90566
1230816759.93897
1230816759.97228
1230816760.03886
1230816760.10543
1230816760.13873
1230816760.17203
1230816760.23861
1230816760.27192
1230816760.33849
1230816760.37179
1230816760.43836
1230816760.47167
1230816760.53825
1230816760.57153
1230816760.63815
1230816760.67142
1230816760.73801
1230816760.77128
1230816760.83790
1230816760.87117
1230816760.90448
1230816760.97104
1230816761.00434
1230816761.07093
1230816761.10424
1230816761.17081
1230816761.23741
1230816761.27068
1230816761.33729
1230816761.37056
1230816761.43717
1230816761.47044
1230816761.50374
1230816761.57032
1230816761.60363
1230816761.67022
1230816761.70353
1230816761.77009
1230816761.80339
1230816761.86996
1230816761.90327
1230816761.96985
1230816762.00316
1230816762.03643
1230816762.10303
1230816762.13630
1230816762.20291
1230816762.23619
1230816762.30280
1230816762.33607
1230816762.36936
1230816762.43594
1230816762.50255
1230816762.53582
1230816762.60242
1230816762.63569
1230816762.70228
1230816762.73559
1230816762.76891
1230816762.83548
1230816762.86877
1230816762.93534
1230816762.96865
1230816763.03523
1230816763.06854
1230816763.13510