1230814594.13620
1230814594.30989
1230814594.48360
1230814594.65729
1230814594.83100
1230814595.00469
1230814595.17840
1230814595.35209
1230814595.52577
1230814595.69948
1230814595.87317
1230814596.04688
1230814596.22057
1230814596.39428
1230814596.56797
1230814596.74165
1230814596.91537
1230814597.08905
1230814597.26277
1230814597.43645
1230814597.61014
1230814597.78385
1230814597.95754
1230814598.13125
1230814598.30493
1230814598.47865
1230814598.65233
1230814598.82602
1230814598.99973
1230814599.17342
1230814599.34713
1230814599.52082
1230814599.69453
1230814599.86822
1230814600.04190
1230814600.21561
1230814600.38930
1230814600.56301
1230814600.73670
1230814600.91041
1230814601.08410
1230814601.25778
1230814601.43150
1230814601.60518
1230814601.77890
1230814601.95258
1230814602.12627
1230814602.29998
1230814602.47367
1230814602.64738
1230814602.82106
1230814602.99478
1230814603.16846
1230814603.34215
1230814603.51586
1230814603.68955
1230814603.86326
1230814604.03695
1230814604.21066
1230814604.38435
1230814604.55803
1230814604.73174
1230814604.90543
1230814605.07914
1230814605.25283
1230814605.42651
1230814605.60023
1230814605.77391
1230814605.94763
1230814606.12131
1230814606.29502
1230814606.46871
1230814606.64240
1230814606.81611
1230814606.98980
1230814607.16351
1230814607.33719
1230814607.51091
1230814607.68459
1230814607.85828
1230814608.03199
1230814608.20568
1230814608.37939
1230814608.55308
1230814608.72676
1230814608.90048
1230814609.07416
1230814609.24787
1230814609.42156
1230814609.59527
1230814609.76896
1230814609.94264
1230814610.11636
1230814610.29004
1230814610.46376
1230814610.63744
1230814610.81116
1230814610.98484
1230814611.15853
1230814611.33224
1230814611.50593
1230814611.67964
1230814611.85332
1230814612.02701
1230814612.20072
1230814612.37441
1230814612.54812
1230814612.72181
1230814612.89552
1230814613.06921
1230814613.24289
1230814613.41661
1230814613.59029
1230814613.76400
1230814613.93769
1230814614.11140
1230814614.28509
1230814614.45877
1230814614.63249
1230814614.80617
1230814614.97989
1230814615.15357
1230814615.32729
1230814615.50097
1230814615.67466
1230814615.84837
1230814616.02206
1230814616.19577
1230814616.36945
1230814616.54314
1230814616.71685
1230814616.89054
1230814617.06425
1230814617.23794
1230814617.41165
1230814617.58534
1230814617.75902
1230814617.93274
1230814618.10642
1230814618.28013
1230814618.45382
1230814618.62753
1230814618.80122
1230814618.97490
1230814619.14862
1230814619.32230
1230814619.49602
1230814619.66970
1230814619.84339
1230814620.01710
1230814620.19079
1230814620.36450
1230814620.53819
1230814620.71190
1230814620.88558
1230814621.05927
1230814621.23298
1230814621.40667
1230814621.58038
1230814621.75407
1230814621.92778
1230814622.10147
1230814622.27515
1230814622.44887
1230814622.62255
1230814622.79626
1230814622.96995
1230814623.14364
1230814623.31735
1230814623.49104
1230814623.66475
1230814623.83843
1230814624.01215
1230814624.18583
1230814624.35952
1230814624.53323
1230814624.70692
1230814624.88063
1230814625.05432
1230814625.22803
1230814625.40171
1230814625.57540
1230814625.74911
1230814625.92280
1230814626.09651
1230814626.27020
1230814626.44388
1230814626.61760
1230814626.79128
1230814626.96500
1230814627.13868
1230814627.31239
1230814627.48608
1230814627.65977
1230814627.83348
1230814628.00717
1230814628.18088
1230814628.35456
1230814628.52828
1230814628.70196
1230814628.87565
1230814629.04936
1230814629.22305
1230814629.39676
1230814629.57045
1230814629.74416
1230814629.91785
1230814630.09153
1230814630.26524
1230814630.43893
1230814630.61264
1230814630.78633
1230814630.96001
1230814631.13373
1230814631.30741
1230814631.48113
1230814631.65481
1230814631.82852
1230814632.00221
1230814632.17590
1230814632.34961
1230814632.52330
1230814632.69701
1230814632.87069
1230814633.04441
1230814633.21809
1230814633.39178
1230814633.56549
1230814633.73918
1230814633.91289
1230814634.08658
1230814634.26026
1230814634.43398
1230814634.60766
1230814634.78137
1230814634.95506
1230814635.12877
1230814635.30246
1230814635.47614
1230814635.64986
1230814635.82354
1230814635.99726
1230814636.17094
1230814636.34466
1230814636.51834
1230814636.69203
1230814636.86574
1230814637.03943
1230814637.21314
1230814637.38682
1230814637.56051
1230814637.73422
1230814637.90791
1230814638.08162
1230814638.25531
1230814638.42902
1230814638.60271
1230814638.77639
1230814638.95011
1230814639.12379
1230814639.29750
1230814639.47119
1230814639.64490
1230814639.81859
1230814639.99227
1230814640.16599
1230814640.33967
1230814640.51339
1230814640.68707
1230814640.86076
1230814641.03447
1230814641.20816
1230814641.38187
1230814641.55556
1230814641.72927
1230814641.90296
1230814642.07664
1230814642.25035
1230814642.42404
1230814642.59775
1230814642.77144
1230814642.94515
1230814643.11884
1230814643.29252
1230814643.46624
1230814643.63992
1230814643.81364
1230814643.98732
1230814644.16101
1230814644.33472
1230814644.50841
1230814644.68212
1230814644.85580
1230814645.02952
1230814645.20320
1230814645.37689
1230814645.55060
1230814645.72429
1230814645.89800
1230814646.07169
1230814646.24540
1230814646.41909
1230814646.59277
1230814646.76648
1230814646.94017
1230814647.11388
1230814647.28757
1230814647.46128
1230814647.63497
1230814647.80865
1230814647.98237
1230814648.15605
1230814648.32977
1230814648.50345
1230814648.67714
1230814648.85085
1230814649.02454
1230814649.19825
1230814649.37193
1230814649.54565
1230814649.71933
1230814649.89302
1230814650.06673
1230814650.24042
1230814650.41413
1230814650.58782
1230814650.76153
1230814650.93522
1230814651.10890
1230814651.28261
1230814651.45630
1230814651.63001
1230814651.80370
1230814651.97738
1230814652.15110
1230814652.32478
1230814652.49850
1230814652.67218
1230814652.84590
1230814653.01958
1230814653.19327
1230814653.36698
1230814653.54067
1230814653.71438
1230814653.88806
1230814654.06178
1230814654.23546
1230814654.40915
1230814654.58286
1230814654.75655
1230814654.93026
1230814655.10395
1230814655.27763
1230814655.45135
1230814655.62503
1230814655.79874
1230814655.97243
1230814656.14614
1230814656.31983
1230814656.49352
1230814656.66723
1230814656.84091
1230814657.01463
1230814657.18831
1230814657.36203
1230814657.53571
1230814657.70940
1230814657.88311
1230814658.05680
1230814658.23051
1230814658.40420
1230814658.57791
1230814658.75159
1230814658.92528